//colors need to be tweaked pg 109 in general docs
CATEGORYDEF:PROHIB:18:20:5:0:0:0:1:0:0:1
CATEGORYDEF:DANGER:9:9:5:0:0:0:1:0:0:1
CATEGORYDEF:RESTRIC:15:8:0:0:0:0:1:0:0:1

//FAR20 : SCHMIDTSDRIFT MILITARY SHOOTING RANGE
AREA:T:FAR20
CATEGORY:RESTRIC
LABEL:24.049999999999997:-28.6:FAR20
ACTIVE:1
GROUP:RESTRICTED
//BOUND | FOR CIRCLE SHAPED AREAS
LIMITS:0:195
-28.6 24.049999999999997
-28.616666666666703 23.95
-28.68333333333331 23.983333333333302
-28.699999999999996 23.9333333333333
-28.783333333333303 23.9 
-28.849999999999998 24 
-28.6 24.116666666666703 
-28.56666666666669 24.100000000000005 
-28.6 24.049999999999997


AREA:T:FAR43
CATEGORY:RESTRIC
ACTIVE:1
GROUP:RESTRICTED
LIMITS:0:50
-33.93689119652284 18.43685219328919
-33.93099206196902 18.47529287515438
-33.90112432132965 18.47872619124835
-33.88548921739064 18.47206380531964
-33.87000105572917 18.45027496313563
-33.87308967215934 18.41463454839244
-33.88765044132191 18.39174153251693
-33.91131327901514 18.38598176713469
-33.93111671666335 18.40028244031625
-33.93689119652284 18.43685219328919

AREA:T:FAR45(A)
CATEGORY:RESTRIC
ACTIVE:1
GROUP:RESTRICTED
LIMITS:15:195
-32.3333333333333 17.6666666666667
-33.3333333333333 17.6666666666667
-33.5666666666667 18.3166666666667
-33.5166666666667 18.5916666666667
-33.15 18.6166666666667
-33.1426355428807 18.7154534433636
-33.1632594911836 18.8518595527069
-33.1994336990959 18.9836085041448
-33.2 18.9833333333333
-32.1833333333333 18.8944444444444
-32.15 18.7333333333333
-32.0944444444444 18.3166666666667
-32.3333333333333 17.6666666666667

AREA:T:FAR45(A)
CATEGORY:RESTRIC
ACTIVE:1
GROUP:RESTRICTED
LIMITS:15:195
-32.3333333333333 17.6666666666667
-33.3333333333333 17.6666666666667
-33.5666666666667 18.3166666666667
-33.5166666666667 18.5916666666667
-33.15 18.6166666666667
-33.1426355428807 18.7154534433636
-33.1632594911836 18.8518595527069
-33.1994336990959 18.9836085041448
-33.2 18.9833333333333
-32.1833333333333 18.8944444444444
-32.15 18.7333333333333
-32.0944444444444 18.3166666666667
-32.3333333333333 17.6666666666667

AREA:T:FAR23
CATEGORY:RESTRIC
ACTIVE:1
GROUP:RESTRICTED
LIMITS:0:195
-27.5193467257746 21.4634489892843
-27.526088714147 21.4276049493423
-27.537180360115 21.3931614310869
-27.5524070539115 21.3607853812976
-27.5714740739019 21.3311044267924
-27.5940121970339 21.3046948543692
-27.6195847402294 21.282070505381
-27.6476959066191 21.2636727922398
-27.6778002858175 21.2498620292648
-27.7093133348078 21.2409102519035
-27.7416226458858 21.2369956762852
-27.7740997909486 21.2381989252401
-27.8061125176698 21.244501117336
-27.8370370632164 21.2557838823389
-27.8662703455488 21.2718313301348
-27.8932417913773 21.2923339611351
-27.9174245637984 21.3168944652921
-27.9383459616901 21.345035315082
-27.9555967771503 21.376208016328
-27.9688394165148 21.4098038408641
-27.9778146145128 21.4451658281555
-27.9823465994625 21.4816018104892
-27.9823465994625 21.5183981895108
-27.9778146145128 21.5548341718445
-27.9688394165148 21.5901961591359
-27.9555967771503 21.623791983672
-27.9383459616901 21.654964684918
-27.9174245637984 21.6831055347079
-27.8932417913773 21.7076660388649
-27.8662703455488 21.7281686698652
-27.8370370632164 21.7442161176611
-27.8061125176698 21.755498882664
-27.7740997909486 21.7618010747599
-27.7416226458858 21.7630043237148
-27.7093133348078 21.7590897480965
-27.6778002858175 21.7501379707352
-27.6476959066191 21.7363272077602
-27.6195847402294 21.717929494619
-27.5940121970339 21.6953051456308
-27.5714740739019 21.6688955732076
-27.5524070539115 21.6392146187024
-27.537180360115 21.6068385689131
-27.526088714147 21.5723950506577
-27.5193467257746 21.5365510107157
-27.5170848131335 21.5
-27.5193467257746 21.4634489892843

AREA:T:FAR25
CATEGORY:RESTRIC
ACTIVE:1
GROUP:RESTRICTED
LIMITS:0:195
-27.7166666666667 23.07222222222221
-28.1666666666667 23.0666666666667
-28.1666666666667 23.5833333333333
-28 23.625
-27.6333333333333 23.5055555555556
-27.7166666666667 23.07222222222221

AREA:T:FAR22
CATEGORY:RESTRIC
ACTIVE:1
GROUP:RESTRICTED
LIMITS:0:40
-30.6364945517857 23.9501735300389
-30.6374593740475 23.9448961531709
-30.6390465527179 23.9398260449579
-30.6412252248518 23.9350618069723
-30.6439530233647 23.9306961095546
-30.6471768986991 23.9268138927479
-30.650834147975 23.9234907156208
-30.6548536318563 23.9207912859062
-30.65915715572361 23.9187681985492
-30.6636609885401 23.9174609078677
-30.6682774900861 23.9168949536514
-30.67291681508671 23.9170814567189
-30.6774886611918 23.9180168943214
-30.68190402684881 23.9196831603925
-30.6860769448324 23.9220479101161
-30.6899261576003 23.9250651827163
-30.6933767017 23.9286762908725
-30.6963613701729 23.9328109598508
-30.6988220242316 23.9373886944277
-30.7007107284047 23.9423203470704
-30.7019906867776 23.9475098567427
-30.7026369618566 23.9528561242089
-30.7026369618566 23.9582549869022
-30.7019906867776 23.9636012543683
-30.7007107284047 23.9687907640407
-30.6988220242316 23.9737224166834
-30.6963613701729 23.9783001512603
-30.6933767017 23.9824348202386
-30.6899261576003 23.9860459283948
-30.6860769448324 23.989063200995
-30.68190402684881 23.9914279507186
-30.6774886611918 23.9930942167897
-30.67291681508671 23.9940296543922
-30.6682774900861 23.9942161574597
-30.6636609885401 23.9936502032434
-30.65915715572361 23.992342912562
-30.6548536318563 23.9903198252049
-30.650834147975 23.9876203954903
-30.6471768986991 23.9842972183632
-30.6439530233647 23.9804150015565
-30.6412252248518 23.9760493041388
-30.6390465527179 23.9712850661532
-30.6374593740475 23.9662149579402
-30.6364945517857 23.9609375810723
-30.6361708463207 23.9555555555556
-30.6364945517857 23.9501735300389

AREA:T:FAR29
CATEGORY:RESTRIC
ACTIVE:1
GROUP:RESTRICTED
LIMITS:0:195
-28.9598658781025 25.8788297037738
-28.9637216072507 25.858069898892
-28.970064694531 25.8381232072501
-28.9787721221625 25.8193766558501
-28.989674982034 25.8021942372483
-29.0025617193347 25.78690989353281
-29.0171821996614 25.7738210550877
-29.033252524304 25.7631828568682
-29.0504605040658 25.755203144234
-29.0684716890803 25.7500383675925
-29.0869358408661 25.7477904502338
-29.1054937235915 25.7485046969209
-29.1237840844009 25.7521687921659
-29.1414506879098 25.7587129169295
-29.1581492677697 25.7680109910167
-29.1735542586682 25.7798830260964
-29.1873651753491 25.7940985514994
-29.1993125112314 25.81038105227711
-29.2091630379304 25.8284133370002
-29.2167243983201 25.8478437320566
-29.2218488995399 25.8682929803771
-29.2244364282598 25.8893617061612
-29.2244364282598 25.9106382938388
-29.2218488995399 25.9317070196229
-29.2167243983201 25.95215626794341
-29.2091630379304 25.9715866629999
-29.1993125112314 25.9896189477229
-29.1873651753491 26.0059014485006
-29.1735542586682 26.0201169739036
-29.1581492677697 26.0319890089833
-29.1414506879098 26.0412870830704
-29.1237840844009 26.0478312078341
-29.1054937235915 26.0514953030791
-29.0869358408661 26.0522095497662
-29.0684716890803 26.0499616324075
-29.0504605040658 26.0447968557659
-29.033252524304 26.0368171431318
-29.0171821996614 26.0261789449122
-29.0025617193347 26.0130901064672
-28.989674982034 25.9978057627517
-28.9787721221625 25.98062334414991
-28.970064694531 25.9618767927499
-28.9637216072507 25.941930101108
-28.9598658781025 25.9211702962262
-28.9585722741715 25.9
-28.9598658781025 25.8788297037738

AREA:T:FAR39
CATEGORY:RESTRIC
ACTIVE:1
GROUP:RESTRICTED
LIMITS:0:15
-34.142145907717 18.4263394315763
-34.1433517607895 18.4194814603657
-34.1453354579261 18.4128927198018
-34.1480584418082 18.4067012991131
-34.151467781142 18.4010275953885
-34.155497195612 18.3959819788488
-34.1600683398756 18.3916626494284
-34.165092322074 18.3881537260124
-34.1704714277982 18.3855236054709
-34.1761010164341 18.3838236237074
-34.1818715534087 18.3830870453736
-34.1876707391267 18.3833284027662
-34.1933856933982 18.384543197827
-34.1989051529469 18.3867079742176
-34.2041216391957 18.3897807592645
-34.2089335539708 18.3937018683098
-34.2132471620432 18.3983950567903
-34.21697842153 18.4037689983753
-34.2200546260666 18.4097190608524
-34.2224158262902 18.4161293453322
-34.2240160024743 18.4228749488787
-34.2248239650395 18.4298244059993
-34.2248239650395 18.4368422606673
-34.2240160024743 18.443791717788
-34.2224158262902 18.4505373213345
-34.2200546260666 18.4569476058143
-34.21697842153 18.4628976682914
-34.2132471620432 18.4682716098763
-34.2089335539708 18.4729647983569
-34.2041216391957 18.4768859074021
-34.1989051529469 18.4799586924491
-34.1933856933982 18.4821234688396
-34.1876707391267 18.4833382639005
-34.1818715534087 18.4835796212931
-34.1761010164341 18.4828430429593
-34.1704714277982 18.4811430611958
-34.165092322074 18.4785129406543
-34.1600683398756 18.4750040172383
-34.155497195612 18.4706846878178
-34.151467781142 18.4656390712781
-34.1480584418082 18.4599653675536
-34.1453354579261 18.4537739468648
-34.1433517607895 18.447185206301
-34.142145907717 18.4403272350904
-34.1417413356786 18.4333333333333
-34.142145907717 18.4263394315763

AREA:T:FAR40
CATEGORY:RESTRIC
ACTIVE:1
GROUP:RESTRICTED
LIMITS:0:030
-33.058620928475 17.979189390085
-33.059344587947 17.9751260364882
-33.0605350395581 17.9712222988299
-33.0621691308714 17.967554106694
-33.0642150798285 17.9641928191206
-33.0666330915195 17.9612038386387
-33.0693761306441 17.9586453399181
-33.0723908347908 17.9565671376592
-33.0756185509284 17.9550097157407
-33.0789964751027 17.9540034366177
-33.0824588733033 17.953567946561
-33.085938359858 17.9537117886064
-33.0893672085535 17.9544322311076
-33.0926786709981 17.9557153156298
-33.0958082765566 17.9575361236597
-33.0986950884969 17.9598592573282
-33.1012828917982 17.9626395251209
-33.103521289367 17.9658228194857
-33.1053666851648 17.9693471694107
-33.1067831349402 17.9731439475304
-33.1077430478393 17.9771392081955
-33.1082277250798 17.9812551302822
-33.1082277250798 17.9854115363845
-33.1077430478393 17.9895274584712
-33.1067831349402 17.9935227191362
-33.1053666851648 17.997319497256
-33.103521289367 18.0008438471809
-33.1012828917982 18.0040271415457
-33.0986950884969 18.0068074093384
-33.0958082765566 18.0091305430069
-33.0926786709981 18.0109513510369
-33.0893672085535 18.0122344355591
-33.085938359858 18.0129548780603
-33.0824588733033 18.0130987201056
-33.0789964751027 18.0126632300489
-33.0756185509284 18.011656950926
-33.0723908347908 18.0100995290075
-33.0693761306441 18.0080213267486
-33.0666330915195 18.0054628280279
-33.0642150798285 18.0024738475461
-33.0621691308714 17.9991125599727
-33.0605350395581 17.9954443678367
-33.059344587947 17.9915406301785
-33.058620928475 17.9874772765817
-33.0583781347405 17.9833333333333
-33.058620928475 17.979189390085

AREA:T:FAR41
CATEGORY:RESTRIC
ACTIVE:1
GROUP:RESTRICTED
LIMITS:0:15
-33.00034998239904 18.04353277578425
-33.00346774863753 18.03938640115686
-33.00743973049301 18.03647014693672
-33.01091110690278 18.03468504620155
-33.01516871838311 18.03411017971117
-33.02237347752953 18.03603972340604
-33.02745702078533 18.04078513013203
-33.03040097107118 18.04656665292098
-33.03174287185107 18.05612468490093
-33.03023627075862 18.06355642472001
-33.02636428207399 18.06893086861417
-33.02230875444078 18.07209722161097
-33.01722194387702 18.07398212957484
-33.01324835851133 18.07376690862522
-33.00742089606025 18.07194133360764
-33.00287618973882 18.06819632871267
-32.99956000209321 18.06311336613585
-32.99789827061399 18.05696244743258
-32.99832820577725 18.05048952728897
-33.00034998239904 18.04353277578425

AREA:T:FAR42
CATEGORY:RESTRIC
ACTIVE:1
GROUP:RESTRICTED
LIMITS:0:15
-33 17.6666666666667
-33.45 17.9833333333333
-33.4833333333333 18.075
-33.35 18.15
-33.2486111111111 18.0972222222222
-33.1361111111111 17.9666666666667
-33.1 17.9333333333333
-32.9666666666667 17.9166666666667
-32.75 17.8166666666667
-32.75 17.6666666666667
-33 17.6666666666667

AREA:T:FAR36
CATEGORY:RESTRIC
ACTIVE:1
GROUP:RESTRICTED
LIMITS:0:20
-33.66738603800026 18.45660870372397
-33.6642191349823 18.45628634613351
-33.66165216863485 18.4554367658078
-33.6417027317389 18.44558546804258
-33.64177281600107 18.4430909929243
-33.64224992110326 18.43872019198364
-33.64301186809131 18.434498540078
-33.64408436555237 18.43029766615722
-33.64547545076093 18.42631083440406
-33.64715707593962 18.42239615342065
-33.64907117607191 18.41869967877907
-33.65125652972913 18.41520309183655
-33.65373647641061 18.41196214114497
-33.65636975129527 18.40902548894929
-33.65923841814239 18.40634536289094
-33.6622980945596 18.40396716408726
-33.66552330976561 18.40192047397403
-33.66886794777607 18.40021276112584
-33.6723304392591 18.39890665990674
-33.67589218276454 18.39790775670237
-33.67947973292093 18.39735415209697
-33.68312765394715 18.397109128841
-33.68676346676175 18.39728366659939
-33.69038047360793 18.39783493224714
-33.6939296072234 18.3987524714239
-33.69740256986317 18.40003932012831
-33.70077501307485 18.4016762128009
-33.70399947051627 18.40369953158744
-33.70709006843189 18.40602000742577
-33.70996745613814 18.40866391259187
-33.71267860399651 18.41159348550825
-33.71515664541568 18.4148178817267
-33.71738917128887 18.41826523567814
-33.71933345730118 18.42195948842495
-33.7210492077437 18.42582794740766
-33.72246007687168 18.42985320220538
-33.72355546656153 18.4340124007818
-33.72436842059248 18.4382656877853
-33.72484669688613 18.44260854959513
-33.72499430246414 18.44699964449007
-33.72486900973972 18.45135197389041
-33.72443545926627 18.455696776391
-33.66738603800026 18.45660870372397

AREA:T:FAR20
CATEGORY:RESTRIC
ACTIVE:1
GROUP:RESTRICTED
LIMITS:0:195
-28.6 24.05
-28.6166666666667 23.95
-28.68333333333331 23.9833333333333
-28.7 23.9333333333333
-28.7833333333333 23.9
-28.85000000000001 24
-28.6 24.1166666666667
-28.5666666666667 24.1
-28.6 24.05

AREA:T:FAR45(B)
CATEGORY:RESTRIC
ACTIVE:1
GROUP:RESTRICTED
LIMITS:120:195
-33.1748562503452 18.8902826242079
-33.1497147085077 18.7549476311801
-33.1404323936893 18.6167915224681
-33.15 18.6166666666667
-33.5166666666667 18.5916666666667
-33.4833333333333 18.7833333333333
-33.2 18.9833333333333
-33.1748562503452 18.8902826242079

AREA:T:FAR45(B)
CATEGORY:RESTRIC
ACTIVE:1
GROUP:RESTRICTED
LIMITS:120:195
-33.1748562503452 18.8902826242079
-33.1497147085077 18.7549476311801
-33.1404323936893 18.6167915224681
-33.15 18.6166666666667
-33.5166666666667 18.5916666666667
-33.4833333333333 18.7833333333333
-33.2 18.9833333333333
-33.1748562503452 18.8902826242079

AREA:T:FAR46
CATEGORY:RESTRIC
ACTIVE:1
GROUP:RESTRICTED
LIMITS:0:080
-33.38324766492762 19.94940874635906
-33.26714480965742 19.94994713814433
-33.26648046692588 19.73275779112886
-33.38324766492762 19.94940874635906

AREA:T:FAR47
CATEGORY:RESTRIC
ACTIVE:1
GROUP:RESTRICTED
LIMITS:0:195
-33.4715616341797 22.1338967048865
-33.4733941054402 22.1235538229718
-33.4764086526748 22.1136167031497
-33.4805467207029 22.1042784178047
-33.4857279209886 22.0957204757807
-33.4918515844056 22.0881093088942
-33.4987987069734 22.0815930433201
-33.5064342517453 22.0762986178512
-33.514609763152 22.0723293049992
-33.5231662439988 22.0697626837994
-33.5319372400876 22.0686491050808
-33.5407520732094 22.0690106809698
-33.5494391601173 22.07084082064
-33.5578293531266 22.0741043239633
-33.5657592372561 22.0787380339227
-33.573074319365 22.0846520376357
-33.579632046564 22.0917313948175
-33.5853045942675 22.0998383617374
-33.5899813685826 22.1088150684273
-33.5935711732042 22.1184865973475
-33.5960039975247 22.1286644031417
-33.597232390135 22.1391500057437
-33.597232390135 22.1497388831452
-33.5960039975247 22.1602244857472
-33.5935711732042 22.1704022915414
-33.5899813685826 22.1800738204616
-33.5853045942675 22.1890505271515
-33.579632046564 22.1971574940714
-33.573074319365 22.2042368512532
-33.5657592372561 22.2101508549662
-33.5578293531266 22.2147845649256
-33.5494391601173 22.2180480682489
-33.5407520732094 22.2198782079191
-33.5319372400876 22.2202397838081
-33.5231662439988 22.2191262050895
-33.514609763152 22.2165595838897
-33.5064342517453 22.2125902710377
-33.4987987069734 22.2072958455688
-33.4918515844056 22.2007795799947
-33.4857279209886 22.1931684131082
-33.4805467207029 22.1846104710842
-33.4764086526748 22.1752721857391
-33.4733941054402 22.1653350659171
-33.4715616341797 22.1549921840024
-33.4709468302315 22.1444444444444
-33.4715616341797 22.1338967048865

AREA:T:FAR50
CATEGORY:RESTRIC
ACTIVE:1
GROUP:RESTRICTED
LIMITS:0:50
-29.95935589845131 30.94378606322619
-29.97608197837078 30.93267959269338
-30.00168455634487 30.95724787441544
-29.97221886028123 30.98784336974978
-29.94976769130321 30.9536543810618
-29.95935589845131 30.94378606322619

AREA:T:FAR62
CATEGORY:RESTRIC
ACTIVE:1
GROUP:RESTRICTED
LIMITS:0:10
-25.2833333333333 27.2833333333333
-25.2833333333333 27.3166666666667
-25.1333333333333 27.4
-25.15 27.25
-25.2833333333333 27.2833333333333

AREA:T:FAR63
CATEGORY:RESTRIC
ACTIVE:1
GROUP:RESTRICTED
LIMITS:0:080
-26.5533333333333 29.1366666666667
-26.5844444444444 29.1391666666667
-26.5713888888889 29.1816666666667
-26.5466666666667 29.1794444444444
-26.5533333333333 29.1366666666667

AREA:T:FAR65
CATEGORY:RESTRIC
ACTIVE:1
GROUP:RESTRICTED
LIMITS:0:10
-26.8216666666667 27.82999999999999
-26.822764050011 27.8295827465035
-26.8250590697571 27.8291943214065
-26.8273799960079 27.8291675894673
-26.8296816547804 27.8295030930908
-26.8319192443851 27.8301943234529
-26.8340492076344 27.8312278455309
-26.8360300800249 27.8325835581287
-26.8378232973537 27.8342350839495
-26.8393939470065 27.8361502822151
-26.8407114482422 27.8382918739154
-26.8417501481744 27.8406181675451
-26.8424898217911 27.8430838711895
-26.8429160662241 27.8456409751076
-26.8430205815465 27.8482396875531
-26.8428013325986 27.8508294055141
-26.8422625886682 27.8533597013513
-26.8414148402499 27.8557813059994
-26.8402745945139 27.8580470694637
-26.8388640534924 27.86011287979809
-26.8372106812868 27.86193852257979
-26.8353466687721 27.8634884640848
-26.833308306273 27.8647325428835
-26.8311352764827 27.8656465564001
-26.8311111111111 27.8655555555556
-26.8105555555556 27.8725
-26.8094525830651 27.8729159323119
-26.8071573935673 27.8733030425727
-26.8048364558204 27.8733284857427
-26.8025349444266 27.8729917886751
-26.8002976531539 27.8722995261295
-26.798168123273 27.8712651911498
-26.7961877964684 27.869908930971
-26.7943952087806 27.8682571537089
-26.7928252412254 27.8663420135793
-26.7915084416226 27.8642007847247
-26.7904704307778 27.8618751358624
-26.7897314045142 27.8594103198597
-26.7893057411942 27.8568542939648
-26.7892017223201 27.8542567877348
-26.7894213716197 27.8516683367
-26.7899604157239 27.8491393004478
-26.7908083672006 27.8467188841082
-26.7919487283353 27.8444541821554
-26.7933593117229 27.8423892630199
-26.7950126714675 27.8405643122317
-26.7968766366502 27.839014850702
-26.7989149367364 27.8377710433256
-26.8010879068105 27.8368571113622
-26.8011111111111 27.8369444444444
-26.8216666666667 27.82999999999999

AREA:T:FAR71
CATEGORY:RESTRIC
ACTIVE:1
GROUP:RESTRICTED
LIMITS:105:195
-23.9944444444444 28.91388888888889
-24.4411111111111 29.1527777777778
-25.1666666666667 28.4961111111111
-25.1763894311878 28.5184335819603
-25.2208140840072 28.6642938043542
-25.283040450578 28.802036013321
-25.3618837248522 28.9290242450564
-25.4558402609783 29.0428144941734
-25.5631145666486 29.14120006995561
-25.68165177598061 29.2222537288165
-25.6816666666667 29.2222222222222
-24.5994444444444 30.3108333333333
-24.7144444444444 30.4466666666667
-25.5530555555556 29.6038888888889
-25.35875919378914 30.55992873183632
-25.36301490240393 30.72473981347774
-25.33296676792132 30.72467991243194
-25.28604658505574 30.73529683791996
-25.22946237791474 30.76055503770737
-25.17872449966438 30.79311205732625
-25.14769875450524 30.81940821094609
-25.12078205317832 30.8522458744496
-25.08628693849482 30.89939050407201
-25.06553051701557 30.93171775065837
-25.05901023272579 30.95660677379205
-25.07419456624804 30.95742639778107
-25.05555447097706 31.02080572881005
-25.0454582006315 31.08051658216594
-25.04618971593201 31.16022602901482
-25.05211134763452 31.197884405341
-25.08343890380275 31.27664271097244
-25.12060985276435 31.34021047714914
-25.15830821291643 31.38381085820855
-25.1999298797627 31.42308556768624
-25.25124363032935 31.4520523076597
-25.30600009131088 31.46957342208318
-25.4333333333333 31.9833333333333
-25.3666666666667 32.0333333333333
-25.1333333333333 32.05
-24.6833333333333 32
-24.4083333333333 32
-24.3 31.9833333333333
-24.1833333333333 31.9
-23.95 31.8833333333333
-23.8833333333333 31.7666666666667
-23.7333333333333 31.7
-23.6166666666667 31.69166666666669
-23.4833333333333 31.5666666666667
-23.4166666666667 31.5416666666667
-23.18333333333331 31.5666666666667
-22.4166666666667 31.3166666666667
-22.3666666666667 31.2666666666667
-22.3666666666667 31.2
-22.325 31.1666666666667
-22.35 31.0666666666667
-22.3 30.8333333333333
-22.31327649156434 30.68355298661355
-22.33698009370923 30.64528435038124
-22.31272707226984 30.59738719172259
-22.34077578742971 30.55580558741333
-22.32698949996608 30.48584482165373
-22.35879363885744 30.30230691660712
-22.29564029889226 30.21958026161077
-22.31659638892521 30.11825996390507
-22.19696408994214 29.94091648116384
-22.2052066139798 29.89797566831224
-22.14695661231034 29.78636763923501
-22.14667850980425 29.73483576883825
-22.13844302181211 29.61989056910771
-23.9944444444444 28.91388888888889

AREA:T:FAR71
CATEGORY:RESTRIC
ACTIVE:1
GROUP:RESTRICTED
LIMITS:105:195
-23.9944444444444 28.91388888888889
-24.4411111111111 29.1527777777778
-25.1666666666667 28.4961111111111
-25.1763894311878 28.5184335819603
-25.2208140840072 28.6642938043542
-25.283040450578 28.802036013321
-25.3618837248522 28.9290242450564
-25.4558402609783 29.0428144941734
-25.5631145666486 29.14120006995561
-25.68165177598061 29.2222537288165
-25.6816666666667 29.2222222222222
-24.5994444444444 30.3108333333333
-24.7144444444444 30.4466666666667
-25.5530555555556 29.6038888888889
-25.35875919378914 30.55992873183632
-25.36301490240393 30.72473981347774
-25.33296676792132 30.72467991243194
-25.28604658505574 30.73529683791996
-25.22946237791474 30.76055503770737
-25.17872449966438 30.79311205732625
-25.14769875450524 30.81940821094609
-25.12078205317832 30.8522458744496
-25.08628693849482 30.89939050407201
-25.06553051701557 30.93171775065837
-25.05901023272579 30.95660677379205
-25.07419456624804 30.95742639778107
-25.05555447097706 31.02080572881005
-25.0454582006315 31.08051658216594
-25.04618971593201 31.16022602901482
-25.05211134763452 31.197884405341
-25.08343890380275 31.27664271097244
-25.12060985276435 31.34021047714914
-25.15830821291643 31.38381085820855
-25.1999298797627 31.42308556768624
-25.25124363032935 31.4520523076597
-25.30600009131088 31.46957342208318
-25.4333333333333 31.9833333333333
-25.3666666666667 32.0333333333333
-25.1333333333333 32.05
-24.6833333333333 32
-24.4083333333333 32
-24.3 31.9833333333333
-24.1833333333333 31.9
-23.95 31.8833333333333
-23.8833333333333 31.7666666666667
-23.7333333333333 31.7
-23.6166666666667 31.69166666666669
-23.4833333333333 31.5666666666667
-23.4166666666667 31.5416666666667
-23.18333333333331 31.5666666666667
-22.4166666666667 31.3166666666667
-22.3666666666667 31.2666666666667
-22.3666666666667 31.2
-22.325 31.1666666666667
-22.35 31.0666666666667
-22.3 30.8333333333333
-22.31327649156434 30.68355298661355
-22.33698009370923 30.64528435038124
-22.31272707226984 30.59738719172259
-22.34077578742971 30.55580558741333
-22.32698949996608 30.48584482165373
-22.35879363885744 30.30230691660712
-22.29564029889226 30.21958026161077
-22.31659638892521 30.11825996390507
-22.19696408994214 29.94091648116384
-22.2052066139798 29.89797566831224
-22.14695661231034 29.78636763923501
-22.14667850980425 29.73483576883825
-22.13844302181211 29.61989056910771
-23.9944444444444 28.91388888888889

AREA:T:FAR75
CATEGORY:RESTRIC
ACTIVE:1
GROUP:RESTRICTED
LIMITS:0:195
-26.5180079502626 26.9652199439946
-26.5213826103912 26.9474580550268
-26.5269342299612 26.9303924065407
-26.53455505910321 26.9143543434997
-26.5440971621009 26.899655429607
-26.5553752663962 26.8865814294177
-26.5681703337666 26.8753867722303
-26.5822337868383 26.8662896034673
-26.5972923114963 26.8594675195298
-26.6130531444806 26.85505407054041
-26.6292097457429 26.8531361020945
-26.6454477471828 26.853751992231
-26.6614510633774 26.8568908235043
-26.6769080460284 26.8624925125145
-26.691517562203 26.8704489008108
-26.7049948771374 26.8806057920663
-26.7170772254494 26.89276590122
-26.7275289600716 26.90669266231311
-26.73614617600492 26.9221148234853
-26.7427607159979 26.9387317405079
-26.7472434772929 26.9562192647895
-26.7495069524264 26.9742361084506
-26.7495069524264 26.9924305582161
-26.7472434772929 27.0104474018771
-26.7427607159979 27.0279349261588
-26.73614617600492 27.0445518431814
-26.7275289600716 27.0599740043536
-26.7170772254494 27.0739007654467
-26.7049948771374 27.0860608746004
-26.691517562203 27.0962177658559
-26.6769080460284 27.1041741541522
-26.6614510633774 27.1097758431624
-26.6454477471828 27.1129146744356
-26.6292097457429 27.11353056457209
-26.6130531444806 27.1116125961263
-26.5972923114963 27.1071991471369
-26.5822337868383 27.1003770631993
-26.5681703337666 27.0912798944364
-26.5553752663962 27.0800852372489
-26.5440971621009 27.0670112370597
-26.53455505910321 27.05231232316701
-26.5269342299612 27.036274260126
-26.5213826103912 27.0192086116398
-26.5180079502626 27.0014467226721
-26.5168757399001 26.9833333333333
-26.5180079502626 26.9652199439946

AREA:T:FAR76
CATEGORY:RESTRIC
ACTIVE:1
GROUP:RESTRICTED
LIMITS:0:195
-23.80911002790532 29.62727287505192
-23.72776768896776 29.8300227101285
-23.64943472212044 30.03166203458067
-23.45057927037944 29.95855121281175
-23.45099450298481 29.58969413385044
-23.71804113143121 29.50003937919188
-23.80911002790532 29.62727287505192

AREA:T:FAR78
CATEGORY:RESTRIC
ACTIVE:1
GROUP:RESTRICTED
LIMITS:0:105
-23.4833333333333 31.0333333333333
-24.175 31.4666666666667
-24.60000000000001 31.5833333333333
-25.4833333333333 31.69166666666669
-25.4333333333333 31.9833333333333
-25.3666666666667 32.0333333333333
-25.1333333333333 32.05
-24.6833333333333 32
-24.4083333333333 32
-24.3 31.9833333333333
-24.1833333333333 31.9
-23.95 31.8833333333333
-23.8833333333333 31.7666666666667
-23.7333333333333 31.7
-23.6166666666667 31.69166666666669
-23.4833333333333 31.5666666666667
-23.4166666666667 31.5416666666667
-23.18333333333331 31.5666666666667
-22.4166666666667 31.3166666666667
-22.3666666666667 31.2666666666667
-22.3666666666667 31.2
-22.325 31.1666666666667
-22.35 31.0666666666667
-22.3 30.8333333333333
-22.3333333333333 30.6083333333333
-23.4833333333333 31.0333333333333

AREA:T:FAR82
CATEGORY:RESTRIC
ACTIVE:1
GROUP:RESTRICTED
LIMITS:0:105
-25.35 28.3666666666667
-25.2666666666667 28.3666666666667
-25.2666666666667 28.3041666666667
-25.3666666666667 28.3
-25.35 28.3666666666667

AREA:T:FAR86
CATEGORY:RESTRIC
ACTIVE:1
GROUP:RESTRICTED
LIMITS:0:120
-33.1983333333333 26.4605555555556
-33.2308333333333 26.4516666666667
-33.2591666666667 26.4675
-33.2694444444444 26.5072222222222
-33.2316666666667 26.5361111111111
-33.2416666666667 26.5644444444444
-33.2469444444444 26.5980555555556
-33.2438888888889 26.6163888888889
-33.2241666666667 26.6291666666667
-33.2125 26.6219444444444
-33.2 26.5752777777778
-33.2183333333333 26.5830555555556
-33.1980555555556 26.5013888888889
-33.1983333333333 26.4605555555556

AREA:T:FAR105
CATEGORY:RESTRIC
ACTIVE:1
GROUP:RESTRICTED
LIMITS:0:4000FT
-28.0338126169739 24.7101087409734
-28.0350185945218 24.7036783121915
-28.0370024883869 24.6975004069081
-28.039725726027 24.6916951582769
-28.0431353565085 24.6863754764847
-28.0471650769797 24.6816448574616
-28.0517365184068 24.6775953719945
-28.0567607659189 24.6743058741043
-28.0621400845546 24.671840463525
-28.0677698172003 24.6702472324151
-28.0735404181149 24.6695573211305
-28.079339582735 24.6697843020646
-28.0850544324901 24.670923904325
-28.0905737121886 24.6729540854667
-28.09578995718 24.6758354497704
-28.1006015879817 24.6795120057596
-28.1049148913735 24.6839122489334
-28.1086458490921 24.6889505491959
-28.1117217781721 24.6945288163158
-28.1140827506133 24.7005384110988
-28.115682764357 24.706862264926
-28.1164906424245 24.713377166016
-28.1164906424245 24.7199561673173
-28.115682764357 24.7264710684073
-28.1140827506133 24.7327949222345
-28.1117217781721 24.7388045170175
-28.1086458490921 24.7443827841374
-28.1049148913735 24.74942108440001
-28.1006015879817 24.7538213275737
-28.09578995718 24.7574978835629
-28.0905737121886 24.7603792478667
-28.0850544324901 24.7624094290083
-28.079339582735 24.7635490312687
-28.0735404181149 24.7637760122029
-28.0677698172003 24.7630861009182
-28.0621400845546 24.7614928698083
-28.0567607659189 24.759027459229
-28.0517365184068 24.7557379613389
-28.0471650769797 24.7516884758717
-28.0431353565085 24.7469578568487
-28.039725726027 24.7416381750564
-28.0370024883869 24.7358329264252
-28.0350185945218 24.7296550211419
-28.0338126169739 24.7232245923599
-28.0334080023453 24.7166666666667
-28.0338126169739 24.7101087409734

AREA:T:FAR144
CATEGORY:RESTRIC
ACTIVE:1
GROUP:RESTRICTED
LIMITS:0:20
-34.31026367079985 18.40201257498153
-34.3298982350592 18.42163336228861
-34.35849064112081 18.47175613076906
-34.35933831776577 18.49708244401611
-34.35251594987064 18.5007017101779
-34.33949009529633 18.47303902935484
-34.32051562783374 18.46580831896243
-34.31027088472638 18.46322141087746
-34.27656843847946 18.47613097159481
-34.2666666666667 18.4722222222222
-34.2017076631996 18.37684534240398
-34.20290861654798 18.369300662767
-34.27078305051229 18.38086567785599
-34.31026367079985 18.40201257498153

AREA:T:FAR147
CATEGORY:RESTRIC
ACTIVE:1
GROUP:RESTRICTED
LIMITS:0:195
-35.225 19.0666666666667
-35.2166666666667 22
-34.39914518549909 21.99972652060873
-34.39108086286559 21.98993590111426
-34.36228814462878 21.95108198403418
-34.33033313013113 21.91519750172622
-34.2962283719579 21.88328154658488
-34.25922859978154 21.85492628870726
-34.23867986169283 21.84158310855654
-34.2443622223558 21.41222939353913
-34.28861702206119 21.32400735293359
-34.29448181702935 19.52980577847842
-34.31969293801425 19.51807244319423
-34.38445121376014 19.47846264214742
-34.44592416746114 19.43137119219698
-34.50398642366007 19.37807480819481
-34.55801898041059 19.31914670439164
-34.6072107277041 19.25403611287033
-34.6137038702178 19.24480189709614
-34.65146667408352 19.18421204525096
-34.69131397964637 19.11001384419534
-34.71158858075629 19.06679717060407
-35.225 19.0666666666667

AREA:T:FAR148
CATEGORY:RESTRIC
ACTIVE:1
GROUP:RESTRICTED
LIMITS:0:195
-30.0125 21.6136111111111
-30.0555555555556 21.8569444444444
-29.9783333333333 22.2438888888889
-29.9647222222222 22.2758333333333
-29.92000000000001 22.2772222222222
-29.89 22.2094444444444
-29.7830555555556 21.7188888888889
-29.7830555555556 21.29
-30.0125 21.29
-30.0125 21.6136111111111

AREA:T:FAR149
CATEGORY:RESTRIC
ACTIVE:1
GROUP:RESTRICTED
LIMITS:0:25
-34.1 18.4805555555556
-34.1361111111111 18.4333333333333
-34.1833333333333 18.4333333333333
-34.2333333333333 18.475
-34.3333333333333 18.5
-34.3333333333333 18.825
-34.3 18.8083333333333
-34.2444444444444 18.8555555555556
-34.1888888888889 18.8125
-34.1583333333333 18.8666666666667
-34.0916666666667 18.8083333333333
-34.0833333333333 18.7805555555556
-34.0913828996888 18.7696614921235
-34.1092007092647 18.7475783162863
-34.1242954619988 18.7227063671978
-34.1363718296769 18.6955309011766
-34.145193424554 18.6665829857989
-34.1505875049275 18.6364289981076
-34.1524484188722 18.605659371449
-34.1507397126211 18.5748768280086
-34.15 18.575
-34.0888888888889 18.5583333333333
-34.1 18.4805555555556

AREA:T:FAR150
CATEGORY:RESTRIC
ACTIVE:1
GROUP:RESTRICTED
LIMITS:0:15
-34.1528076453826 21.9833333333333
-34.1529695218201 21.9861312527082
-34.1534520022327 21.9888747454281
-34.1542457010669 21.9915104417405
-34.1553351783793 21.993987065315
-34.1566992396992 21.996256429382
-34.1583113477061 21.9982743732478
-34.1601401377747 22.0000016210643
-34.1621500274277 22.0014045461995
-34.1643019079135 22.0024558263371
-34.1665539045257 22.00313497651
-34.1688621909332 22.0034287495957
-34.1711818417276 22.0033313963427
-34.1734677066301 22.0028447796971
-34.1756752893605 22.0019783410158
-34.1777616140563 22.000748918633
-34.1796860623506 21.999180422131
-34.1814111647706 21.9973033684978
-34.1829033309892 21.9951542890816
-34.1841335046439 21.9927750188125
-34.1850777298968 21.9902118815049
-34.1857176186312 21.9875147871309
-34.186040709119 21.984736258719
-34.186040709119 21.9819304079476
-34.1857176186312 21.9791518795357
-34.1850777298968 21.9764547851617
-34.1841335046439 21.9738916478542
-34.1829033309892 21.9715123775851
-34.1814111647706 21.9693632981688
-34.1796860623506 21.9674862445356
-34.1777616140563 21.9659177480337
-34.1756752893605 21.9646883256509
-34.1734677066301 21.9638218869696
-34.1711818417276 21.963335270324
-34.1688621909332 21.963237917071
-34.1665539045257 21.9635316901567
-34.1643019079135 21.9642108403295
-34.1621500274277 21.9652621204672
-34.1601401377747 21.9666650456023
-34.1583113477061 21.9683922934189
-34.1566992396992 21.9704102372846
-34.1553351783793 21.9726796013517
-34.1542457010669 21.9751562249262
-34.1534520022327 21.9777919212385
-34.1529695218201 21.9805354139585
-34.1528076453826 21.9833333333333

AREA:T:FAR151
CATEGORY:RESTRIC
ACTIVE:1
GROUP:RESTRICTED
LIMITS:0:10
-34.15 22.1030555555556
-34.15 22.1138888888889
-34.1455555555556 22.1138888888889
-34.1455555555556 22.1030555555556
-34.15 22.1030555555556

AREA:T:FAR171
CATEGORY:RESTRIC
ACTIVE:1
GROUP:RESTRICTED
LIMITS:0:140
-25.5166666666667 28.2944444444444
-25.5166666666667 28.4166666666667
-25.35004142053235 28.3672996352792
-25.3666666666667 28.3
-25.5166666666667 28.2944444444444

AREA:T:FAR172
CATEGORY:RESTRIC
ACTIVE:1
GROUP:RESTRICTED
LIMITS:0:10
-25.8668584197636 27.6807601299418
-25.8673409266388 27.6782369902129
-25.8681346672945 27.6758130049882
-25.8692241985485 27.6735353382774
-25.8705883217525 27.6714483105111
-25.8722004947932 27.669592536806
-25.8740293480082 27.6680041369413
-25.8760392940284 27.6667140323878
-25.8781912197357 27.6657473440644
-25.8804432469195 27.6651229025762
-25.88275154687941 27.6648528805285
-25.8850711931558 27.6649425541633
-25.8873570358186 27.6653901990707
-25.8895645803098 27.6661871221261
-25.8916508537287 27.6673178291591
-25.8935752416814 27.6687603252098
-25.8953002793704 27.6704865416287
-25.8967923814853 27.6724628817886
-25.8980224966314 27.6746508748318
-25.8989666735057 27.677007924743
-25.8996065277412 27.6794881401469
-25.8999296002841 27.6820432286225
-25.8999296002841 27.6846234380442
-25.8996065277412 27.6871785265198
-25.8989666735057 27.6896587419236
-25.8980224966314 27.6920157918349
-25.8967923814853 27.69420378487809
-25.8953002793704 27.696180125038
-25.8935752416814 27.6979063414569
-25.8916508537287 27.6993488375075
-25.8895645803098 27.7004795445406
-25.8873570358186 27.701276467596
-25.8850711931558 27.7017241125033
-25.88275154687941 27.7018137861382
-25.8804432469195 27.7015437640904
-25.8781912197357 27.7009193226023
-25.8760392940284 27.69995263427891
-25.8740293480082 27.6986625297254
-25.8722004947932 27.6970741298607
-25.8705883217525 27.6952183561555
-25.8692241985485 27.6931313283893
-25.8681346672945 27.6908536616784
-25.8673409266388 27.6884296764537
-25.8668584197636 27.6859065367249
-25.8666965342714 27.6833333333333
-25.8668584197636 27.6807601299418

AREA:T:FAR173
CATEGORY:RESTRIC
ACTIVE:1
GROUP:RESTRICTED
LIMITS:0:75
-26.53671809447344 27.17216677486279
-26.53595826480967 27.16301651264594
-26.53863170112641 27.15011369391769
-26.54481302086465 27.14066545550476
-26.55421106786399 27.13309663836988
-26.56740351437114 27.13073578369116
-26.57929445737116 27.13441936692945
-26.58844417280157 27.14181337692752
-26.59451215685353 27.15361616847543
-26.59608411480419 27.16506649097073
-26.59410928735343 27.1756156485455
-26.59006296958392 27.18452238660258
-26.58249046302707 27.19234886083047
-26.57407436351955 27.19643620843362
-26.5672621510429 27.19752693514397
-26.55982254460481 27.19698057239679
-26.55139442192491 27.19340280627081
-26.54507441238966 27.1883185093074
-26.54000100235741 27.18145379173836
-26.53671809447344 27.17216677486279

AREA:T:FAR178
CATEGORY:RESTRIC
ACTIVE:1
GROUP:RESTRICTED
LIMITS:0:15
-22.3 30.0722222222222
-22.3416666666667 30.0661111111111
-22.35829756354267 30.09926746902761
-22.35196606437825 30.10649745848697
-22.33708498554502 30.11577935779343
-22.32388962853526 30.11768101743746
-22.31950474102748 30.12337887718315
-22.31440014073683 30.12833446305968
-22.3097222222222 30.125
-22.30172201493341 30.11472193259842
-22.28725449513749 30.10159962882645
-22.28294685411604 30.09335878582409
-22.27772002034805 30.0817630614868
-22.3 30.0722222222222

AREA:T:FAR179
CATEGORY:RESTRIC
ACTIVE:1
GROUP:RESTRICTED
LIMITS:0:105
-23.7222222222222 30.5513888888889
-23.8166666666667 30.8916666666667
-23.7930040933592 30.9057286235133
-23.7626824953851 30.9244249554324
-23.73503400113041 30.9475410900951
-23.7105948893426 30.97462601953
-23.6898389096518 31.0051526505221
-23.6731682097201 31.038528054169
-23.675 31.0394444444444
-23.6083333333333 31.1125
-23.4833333333333 31.0333333333333
-23.3194444444444 30.9666666666667
-23.36250437755273 30.57225395383996
-23.60552952311648 30.55800613389566
-23.60615657460108 30.55846478018808
-23.60922042043736 30.56006343598737
-23.61511455263787 30.56208448882581
-23.61973132539244 30.5648769735655
-23.62260216227152 30.56821682213818
-23.62381157045457 30.57171486922276
-23.62460567375076 30.57310161185616
-23.62608365286178 30.57435227725253
-23.62861165359786 30.57504381854196
-23.63092458114291 30.5762081173273
-23.63170523211999 30.57713281295491
-23.63141415474902 30.57904824642868
-23.63128868768315 30.5813311025508
-23.63205370186966 30.5830029776232
-23.63286339274265 30.58315608030298
-23.63428653175405 30.58212885898627
-23.63603065461513 30.58076489086258
-23.636764051751 30.58090424477328
-23.63774031396226 30.58197414045017
-23.63893615598837 30.58396263711116
-23.63995435242199 30.58472829640499
-23.64335740454042 30.58717620635215
-23.64563878873195 30.58772664575675
-23.64902404300784 30.58911777672821
-23.65119735931955 30.59145231565442
-23.65319024357422 30.59433886712693
-23.65291140579827 30.5951156576658
-23.65094496088266 30.59601965596102
-23.64936964338028 30.59808536946335
-23.64948950084886 30.60083689064863
-23.64878187188024 30.60286938044322
-23.64703538847757 30.60534547451807
-23.64587376171505 30.60600820381907
-23.64409039390307 30.60375149003992
-23.63946056612038 30.6045348840309
-23.63642884276193 30.60652701105089
-23.63469342788935 30.60900221441696
-23.63545157454005 30.60957641409178
-23.63762685625547 30.61122596455984
-23.64034220905375 30.61446689055
-23.6403392683923 30.6199815195573
-23.63939182780118 30.62119198384956
-23.63642385796217 30.62166462504097
-23.63544736052561 30.62303282492456
-23.638348731989 30.63195959947841
-23.63924326007265 30.63307349804282
-23.64132201623605 30.63360186989009
-23.64465006506192 30.63443264280275
-23.64670447655244 30.63404983137258
-23.64729008786118 30.6332455621461
-23.64694299159251 30.63069020502452
-23.6472143344894 30.62892166784851
-23.64880469353269 30.62794585999769
-23.65046702188797 30.62872224815394
-23.65171078862434 30.63082353130883
-23.65160483577874 30.6339040777607
-23.65242144757232 30.63553765862868
-23.65417885488442 30.63584631944055
-23.65612739156323 30.63488531432224
-23.65772640589431 30.63454888022164
-23.65929174511667 30.63528708095079
-23.65935310704277 30.63268503519451
-23.6601443777206 30.62866135602867
-23.66144077938193 30.62523881668508
-23.66370891443642 30.62369571196158
-23.66916463926903 30.62187817812884
-23.67354680856962 30.62120222341524
-23.67651507624862 30.62050170265216
-23.67832424536064 30.61917007169358
-23.68049026645267 30.61659304407362
-23.6812028656713 30.61494973738749
-23.68230589720218 30.61287742992736
-23.68300086377065 30.61022791611294
-23.68452545359416 30.60788407528371
-23.6845904466936 30.60637877122795
-23.68294833357179 30.60297482258202
-23.68164008365049 30.60025887443272
-23.68213583430615 30.59768877594217
-23.68343805641245 30.59686510091146
-23.68642584507614 30.59686265904474
-23.69048510585452 30.59591555652287
-23.69325929586324 30.59448602968565
-23.69428402989547 30.59288504323368
-23.69394168675945 30.59132457435234
-23.6930346907141 30.58864505048016
-23.6935518380121 30.58644654071274
-23.69525428372607 30.58491750625857
-23.69890931098908 30.58443211526387
-23.70292066186024 30.58469952513098
-23.70555876509344 30.5843478744824
-23.70630348544399 30.58277363154121
-23.70572880475157 30.58003254341906
-23.70459621702771 30.57649479209616
-23.70508210983872 30.57313489124157
-23.70646271372536 30.57070723943489
-23.70739378326026 30.57007485385992
-23.70975939933557 30.56951303054609
-23.71184675345133 30.56916198820158
-23.71253417710291 30.5684163629727
-23.71440037434589 30.56541203195443
-23.71716823807788 30.56207235489154
-23.72167161198954 30.55555072230679
-23.7222222222222 30.5513888888889

AREA:T:FAR181
CATEGORY:RESTRIC
ACTIVE:1
GROUP:RESTRICTED
LIMITS:0:140
-23.7222222222222 30.5513888888889
-23.9166666666667 30.55
-23.8166666666667 30.8416666666667
-23.7222222222222 30.5513888888889
